2118
12488134
747030
990184
12438
12356407
3701
12083570
12127409
32563314
160947
12311589
32813363
33863302
1043264
189955
9952
14472
123251
30549371
49658
12292881
34783749
5352
48093
9604
73065
22484
3697
65971
976362
30028211
10199
6460
32439840
40478
8331
12571830
34283831
34283853
3166
10577
8918
31760809
4716
32430218
1081707
15790
12408287
29589018
9269
28066672
11127
11378
27726814
31051426
31668975
9488
34481336
34480524
2116
911061
1050465
4592
6454
12873554
32829967
1138028
1143033
31199
9621
31082755
1038339
7236
12002248
9275
12544560
990177
3528
123421
12544511
6473
9548
30537054
34303489
12077204
45867
12603665
12440166
1198028
53326
7921
31081884
11108
0
9944
1050282
4569
30700959
757244
14786438
27695872
669001
13113634
33804885
1044144
7235
1019640
159644
31446282
12276375
12193309
1047049
12268099
30773714
30704161
12079219
8345
9940
32665
72724
9968
32208271
12672167
14250812
11515
34618946
34096555
16456
32897193
6457
14721
34256885
18149
39656
9504
57968
904041
1041018
12128446
33114933
911042
30709091
12093155
12094290
10558
7063
12460308
31516809
35054
34256347
1084238
33087253
3064
487609
13520323
12394094
6474
78506
32699
60879
12175308
34096366
33547507
12263331
55563
31004867
737012
12046863
8665
17006
4831
1007170
34362052
34787842
2112
784257
90056
9615
1198071
12037288
12312150
1193417
28862362
12967945
33664
770075
60315
746042
27695993
1142042
12282699
9951
12064126
6456
9609
12707
34640921
124097
2522
12578065
6549
12561728
13059239
12037258
8385
5197
12333048
13057598
13080348
6500
12077037
13335706
12002056
13737107
33995829
30377220
34555222
34493156
66136
88162
13035128
191323
1026039
34515431
32676
740216
12330142
12277473
13520461
12360098
1122128
1084178
6453
12074533
78099
12023371
11979033
12905881
7570
3685
29231449
3691
10563
3137
28066477
13148274
17962
1039895
14609476
14607671
32399227
12010027
12571457
1147176
12567101
35136304
20461
33420405
123386
13152025
70796
48440
3699
13790589
12273358
12046429
6458
12094419
2115
1060061
12091048
1143054
9104
34468924
14571886
14866
15543
31329907
13681634
8323
957020
1057226
45129
12174521
12023202
1135216
1025016
12605718
12128251
3688
14312549
46546
8336
6068
7762
10575
12234040
288146
53032
12356808
8103
29590946
7220
30476593
12279106
161011
4292
12256202
9263
7217
12184026
12195306
85299
13038382
13058503
7215
6290
34497749
12127372
4732
187981
33381060
8321
1064078
12328943
7214
31667667
13701182
5781
28085394
1024308
126066
12369016
14470407
12131319
688997
129232
1137428
14155041
33211729
986155
31375139
13286745
38899
103858
93062
56674
123521
56811
5944
1084140
5771
3745
6479
28085400
3706
33412734
12263429
1156135
1078390
12002030
990129
8304
185818
1217008
10561
30914421
12328754
12429072
34438729
6520
8391
967045
5359
34597277
34025882
29377
1151021
33284852
12262303
34227857
12246023
50897
12925126
12095299
34357551
12448205
12071014
15195501
34153241
198937
13286
35882063
21138
742149
727007
7225
30616392
9808
15701
74613
12548179
74801
30207301
15948
13296269
12741030
12945908
14296763
12464189
74618
27597
13418
29794032
9061
123967
12275337
1150207
30476442
36343607
3224
34301293
29968
56598
8926
33779012
12875685
29394105
8338
855541
1060211
813362
14065757
12046736
30127011
36181946
12408152
768208
33914432
9156
34747986
34563223
74625
37995
12263502
34622051
36086959
33937352
4948
8229
12084020
19881
48301
1202004
840134
34354513
100456
1053026
30226109
1197168
34260597
35789920
27867897
34563784
34280560
12074977
32750845
32065052
7547
34622137
794152
37969
4006
33837455
10562
125359
196774
32588489
29709
31201
100008
31255686
14960
159300
12609062
32459199
12041102
214536
1124459
12047294
12497226
17639
33778352
32989326
12136078
66347
29266018
14759
32719273
30368411
62923
130776
32209214
34318774
1182169
1156155
861777
12230049
261521
12636406
20466
12020036
4895
1094010
12077164
92258
1116021
12603136
34050998
34920690
12356565
12203109
32435262
2134
33526402
13791519
13447096
46376
140196
7233
1079020
12074932
1196052
48032
12025585
34869392
30960748
29596157
33048728
10209
159271
31891427
33490993
1081540
32048356
8147
35272379
32744777
1019466
1179188
31659046
12053152
12594099
12037229
1140028
12259037
30035218
33435854
12248071
193221
74614
12083327
35562
3452
7763
34564181
12256197
14072127
2623
12068021
12263195
27694317
9605
97672
952257
33069166
7550
10750
30109622
29357279
791534
66786
29414956
7160
3704
3627
12039166
72727
1060019
12006283
102028
45838
188556
1087662
86884
1060138
6462
12037139
12033046
12011125
357950
28745
22231
1198010
31009278
12521742
12145030
50905
754010
893484
904046
1122046
33202533
30284835
14529
12121319
1047199
13056454
13057508
13059447
13056453
13056459
13058498
13056440
41103
33262692
33461024
34310301
32233
1177057
1132874
1156093
12037188
1081579
12369107
12287780
12108505
34307676
12766237
13867076
34290841
34617139
976324
12386867
13296534
12093314
15064461
12040030
34228096
17622
34260236
12121264
1199064
817087
102026
12523046
102022
6472
1060215
854363
1030001
166018
35949591
31562490
15361
33717048
12799373
1022037
12136081
33713567
12538467
6100
1115222
14711114
12071084
10204
12143031
1209020
1197082
469200
2138
12131436
1193247
12279622
12526676
12214141
30617634
62885
13773
12399094
13009952
1045123
70298
33481203
159887
14896
33515279
12914329
12050038
31508096
30649169
1060132
20963
7221
8327
8653
103910
12031055
10559
126364
178059
4084
122455
35885114
5001
1156320
13581257
7591
5499
102474
84836
12268138
12282208
12282902
1053185
11015
124588
14762
12184145
33112728
12127564
34522800
15195421
1078338
14716
4483
33067901
31253756
4480
32429558
33551188
1160212
2127
12227865
2130
43005
8326
9942
1066036
12077120
8153
36519840
8368
5199
1049681
12276430
12052056
12056024
34054257
34136356
97516
896513
12407026
87966
12084229
13938324
12080355
1174005
12023319
18344
1087566
60906
53092
8152
28602303
12321020
9255
816358
5768
12709
34097025
937030
7308
12262344
12086070
32943397
3116
9103
5346
9278
33888645
12553561
188697
30378281
35599141
34373473
4488
68848
1146024
29653694
32041318
12308369
12084589
34093295
12279861
2842
1877
11989010
780003
39922
6521
7932
12025552
12079050
13819607
9960
1211039
1097153
12193574
33462277
772030
12133084
12356140
964450
12441083
12440107
29392693
973030
162216
12037010
34749872
12966631
34470808
12183509
1002089
1051003
32747902
12226859
12287487
35828797
12156137
28186342
8330
33390699
34436645
32324613
1217029
12139056
7667
12322027
69061
964486
1145036
14056
30105090
7781
12606574
12063186
34213247
64147
88169
33037476
2516
850074
50563
1191114
783590
133235
92526
956039
12138269
30617412
32385
29867227
29809639
29808972
34493189
42973
8378
34318335
3686
1106062
78405
13594
167006
1019952
2738
12065179
12172362
711683
166002
30602265
33914537
124952
18246
5538
17014
783190
12023568
12262306
12354062
12138261
5205
1021160
14305
12355573
124246
28868410
30789
5444
12092424
12003155
12002184
4813
12096183
27907665
195021
1087140
30644685
31085978
14823
12131175
13537237
842043
15248038
7409
13447762
12008133
1193259
12090204
1039350
12213153
30549743
3723
9272
13580
30000267
31255229
768065
156869
34173593
12675341
1137226
1150112
12145066
3081
9943
21245
12061129
957168
105433
12286466
6475
12538970
1049022
8353
6145
10319
7439
77502
31209752
31012
5866
28304831
1081635
896177
30004770
12270100
33914426
1086039
12676697
125437
32510436
42662
1097092
1153005
1089170
1015101
1158100
34330154
32829923
149534
893259
3751
812023
1132166
784190
68857
13153849
12605654
12570153
30891458
32950621
31008744
31375397
28182413
12355563
83188
33358
74645
72953
12798217
66225
1120167
1039524
12676322
12021027
34592598
35234427
29121
46481
13611612
12409125
1026102
13042433
38154
31297
35531
12735015
14651247
7264
27727342
31356031
124541
22095
1160147
1049392
31229236
51293
12091065
28900371
29639890
4474
1063096
32677394
18169
776761
194716
33985110
31252052
12250109
12083147
5787
12007340
100938
12131535
1053212
7777
4941
7891
41937
12647562
1046288
9633
689024
45340
1014024
30780930
20133
31309410
1086078
1132392
85073
38898
361765
141621
12065096
12931942
14017398
29971
1203045
99093
537639
12627507
12107565
188565
33148142
124470
768136
102702
2853
12205044
8384
1194116
30285508
30003710
3722
832880
832703
12006364
33431906
6491
106570
2331
32043441
31181589
30126727
12395708
10584
366358
339594
12154333
29020
8022
1078291
29398413
13193
31544498
975482
30475641
12194338
12001097
844692
12219168
30692240
6661
29808955
855508
904048
945002
12271646
8922
1132979
34143046
66369
1195028
34276620
36129937
33735329
1178126
12327097
1138013
12157336
896309
862097
1057092
12364156
6463
32220939
3456
12047749
12260177
12074820
12054407
22191
1145026
32621386
32574520
33603673
22247
489133
1027023
1086047
78742
5775
66349
858205
34248915
12214058
12006192
29238405
12213335
41153
28540556
12046468
12602522
124026
127673
366384
1046407
34469825
1177014
33230464
975325
43884
37825
12227290
1084119
33276080
13736
32007963
12825329
13642178
12127362
12320685
145965
1004106
900294
9676
11263
6533
7768
2125
11265
8358
12288688
33607176
12111
17913
10198
13906123
62899
28602931
29613
1058078
912021
33059168
1047248
34678239
13681723
15159
31250007
13775
161533
284390
12096277
34465695
34205567
6729
977173
4485
31217409
31507930
28070314
33694141
13288939
31495403
19618
11996063
6488
12262224
31659734
34994
52331
737170
12646102
28684457
12319669
30116848
31165717
12306430
1198113
1137410
27743268
12052034
813244
44264
32523005
1179061
818004
31016487
123769
34673755
34645289
1050364
35302697
12648921
1058098
191049
12492467
12292708
8687
34536329
34489918
32712599
38053
12038016
1178041
357260
27730696
34595101
6502
8339
35828274
10206
12128830
966088
32491
32896138
12052064
12073489
1007025
123825
12446083
1006061
99990
30285885
19312
10684
18418
4947
12410272
6469
12043044
12197018
22338
11972054
41906
12077223
1038214
15352429
12308156
33804517
30126720
55564
12214161
32428015
12027624
5379
1025284
12474644
12157330
975344
977070
858014
208915
331285
12996568
18012
89364
44204
40245
28742239
12893269
13576835
101674
1048049
12636028
372253
32054
12356399
104133
3715
3705
12175190
12605500
1211046
12493701
17017
15507
12335330
70292
32613540
32780592
64186
27692352
956238
12136039
34471741
34375065
9294
12192247
15022221
1016017
70840
783446
55454
12358435
12006158
1193462
60265
33849527
12236125
1024419
762054
1160085
30406251
15022168
29785925
92856
1054123
35244269
12174368
1161135
32124
50877
12007167
34546969
84061
12514278
513262
6511
1087200
12359027
12002120
34406409
42405
12523349
1081008
816217
12373179
7061
11257
68940
33428842
1015649
12003038
894056
948057
1182808
13288333
12206844
12296026
12205361
1050683
10959
33288596
5345
13499660
12244027
12914272
3079
961358
8325
12286905
12312068
1170012
12777308
30005187
986157
29393748
34335829
30480423
1193436
976101
30618483
13114680
35388077
28414090
12787662
30285100
13500548
33603609
35420706
10557
74752
34532620
14098345
50911
17045
15123
35726654
28804328
13161099
21258
1049649
28611837
7654
12248077
12355582
12376059
12107961
4080
188681
35217
12034065
33744392
136629
391079
31385169
1078427
2861
34439348
13447522
58424
12061139
30597827
32851767
36059373
2150
1015638
34244444
12093263
14938
1050274
353481
128195
20041
14798
13279
27868027
12428011
31721486
1063104
28073384
50758
789757
27728399
12606272
33338855
33068228
12108155
12202240
63901
1083049
11560
3683
31253654
2524
30001845
30704897
840899
6066
42955
1137416
1050495
40800
16929
32439647
10589
13868921
30729379
17601
3933
12970
56716
13022016
306430
16424
34559500
30480783
34390221
10200
1063197
28387245
30707478
1150327
43608
100696
725091
1131001
1210034
15021287
12202572
47097
10585
45804
784275
12278356
15105
1023035
12068052
1055019
1105075
17637
1017035
3123
34077794
784453
29164558
12355128
951001
12743082
34595172
947054
15280202
31513502
13283
12760882
8364
12065014
12048130
9493
9945
34565185
17176
5399
12007112
11561
9629
248957
12175244
896894
34512870
29958
34563612
6211
88867
35730014
30295161
2113
101981
30528
15075
13422284
7224
12971
123688
28863695
34602416
19460
12168149
2843
12175279
12475779
38108
11996232
83621
12256801
3066
88214
972015
12326126
2743
12320703
43837
22544
34433132
31000340
34472436
12047868
1056002
33379
123511
124820
12533932
28512500
31571835
1146039
29360892
12929749
31198534
9950
12085341
34518
1086014
33820105
1032073
1049513
1151006
30784078
40222
124739
1047337
8329
1047064
1046348
30545583
12085569
12093063
12083425
35515914
1163027
12002071
27865554
12598596
8979
222871
896913
10219
35356413
1058228
2448
1007061
32511525
6652
939088
34435690
6731
1019047
28184397
996332
12065110
29994624
12270224
1046359
1050853
28085360
12496616
31376161
12058024
48436
19107
166014
30960989
35495821
15164
17401
12048115
12054388
30616479
12194650
12039082
31352563
14711099
31214
59309
30107803
3453
9656
34662305
472822
8700
35542091
908034
12290238
794286
823060
13058502
12023360
12155045
1135199
12054456
12903205
9102
902002
37057
12825010
540111
12131303
1171043
1049917
29865098
30017531
92442
9178
1083118
34855685
28633122
5357
34330156
704004
104700
125793
3069
11370
12862067
33709352
11679
34208819
31305
12217083
16874
231900
5529
1035021
12487157
34750146
1046016
33118901
3073
32666
32711204
2163
12871618
12070065
21162
12528208
30616273
19299
33820758
36702766
19391
8566
952073
12009099
34613873
9090
123577
188694
12359345
13146180
13524644
12155354
12263073
55536
90593
1204010
5349
964321
12316397
12205123
17047
48161
126565
48247
1038062
900021
34533625
147375
30600467
32272606
16081
28899411
6161
31251223
975353
31436973
85532
159232
3463
123569
787220
12290448
12073677
36843294
34290569
33699749
34335793
33396014
1046123
34277064
31663286
826336
31586577
13618375
20863
60872
35111601
34324924
792648
3684
1085044
12083531
35784342
1038099
123416
1050232
191123
29781817
12288660
29739652
106210
12229021
14658311
688047
868010
1046073
302020
32725601
34923182
64143
3065
5198
1079074
40353
207693
28457540
841299
36191255
31165848
78332
32668
21463
1171075
1156163
12699514
12515120
206627
977174
12463331
2849
9954
14103
102014
12236327
3799
13714181
64218
1087366
7903
12139144
1019182
92129
43076
12002038
32846313
980100
673004
89365
29251
1071031
12441239
12468277
905044
30107224
12172312
166016
17205
1078414
32253072
34798154
36118
12760978
43722
48409
43798
12317299
12109163
28690
69270
6891
12797890
12138252
27910459
897075
12899570
12176360
12465391
17481
12028059
2888
12475609
1177230
33610269
932027
816103
13609637
14786
62757
2852
12976783
12126872
29590531
33915432
12523511
31090366
30643746
39866
1049332
14539
12083030
5788
3094
188359
188667
34165813
1032229
212840
5929
13368664
34351386
34315403
12431020
7342
223780
66379
8921
29070064
10582
30000763
28085402
125762
132281
12826481
9659
31056139
12084547
1049113
900106
12002253
48333
16225
28389406
12453988
12394426
56738
16312
6497
805212
105441
37952
17305
1132960
32865897
13161063
12599315
34433129
12272691
48462
34318343
5200
32276852
1163012
1159091
1053028
29588671
30273483
11974122
19769
7542
17314
35349
29414655
97907
794076
2111
1050284
46502
59252
17432
14044045
7935
13134228
12030335
447036
1102181
12489453
12408050
34097618
33180
5196
3690
18230
12274213
30294177
30215947
12226876
177079
12798843
70663
1181741
33873
12140247
34679211
31862479
12418202
19440
32980337
94779
886022
5782
1054133
17446
6481
31479494
28184645
30093274
1025202
12140507
15353
826217
31242
34563750
17249
31924189
1997
3120
1081056
30722
33426947
9542
12079231
15081
3348
962079
1043222
32228027
35042
20689
292469
53018
32674400
33002266
30225924
10238
2531
12579333
818421
32894953
5195
125329
5963
12971173
8355
975350
33238413
1083104
68882
5888
189752
824107
1081582
22298
14116147
12349011
12085562
332773
896217
336466
12867228
13117
1051015
30777
13159084
31990599
13296071
16010
32588535
1047020
12071058
12523451
12131
35876887
60355
12355665
13028199
12094734
13608761
3698
2850
1034002
189939
34377142
12432318
13702556
4726
30443219
34579388
152355
1050882
1084247
40266
12109141
804211
30703834
1155027
433109
12172529
12060031
13288338
688325
31544180
4125
8386
18303
28186244
34270068
12047335
5358
103888
13542626
101070
12227540
33430868
695003
31003678
185725
851555
1135138
12085016
12408182
12097116
813157
35608679
826359
1026069
12232080
4755
34438222
41143
60932
51910
36956
8337
30958408
28416044
46490
12308198
963083
27752357
28562
12080054
12425051
12419710
6734
30929
32782394
34596692
16906
17905
16501
31657070
12110048
896003
3082
33114638
12143081
29862914
855599
38316
41947
44267
41151
10571
123754
1028055
12545711
13145036
12852319
9612
6452
334015
16825
34855500
59243
27729323
30000975
212392
12121298
9273
1035020
1155148
13331294
4486
33603866
12387197
216511
31062035
4721
1078007
1049232
123641
12081
8146
14077324
31764239
16658
15789
34407287
12875971
129703
62579
138440
12664246
12101055
34261038
31003415
12271399
12010055
98351
13696660
1192126
34246756
7651
1064055
13445547
12281745
12631321
34246038
27730160
1064020
954456
66355
19977
13659520
30547476
34760184
12724
102068
31796235
3814
916007
30783
12869734
29427799
6098
31192
9270
2153
12644580
12328286
19678
34203883
32711867
33708807
1181948
1081256
34031708
4937
425162
152437
32628542
6071
44262
12520634
33912956
12773144
33460486
12139270
12442942
40859
50752
100002
66361
33123519
12118230
1100001
935173
34787967
33910260
12083175
34227809
818234
55542
31093236
9105
840431
16194
12641765
10596
34821168
30602367
865007
30395569
1081131
12278097
66388
34423310
12270575
1081186
33854
35719741
29069612
34537487
1039888
12474881
32125740
19859
12174110
11759
15824
31348086
14534902
48432
5849
12729679
98105
1018074
12227509
159320
9611
28102388
34304060
1147148
70183
7901
6076
32208108
27871282
13222414
14269985
1197131
11762
32066228
12279903
12334095
34855484
189934
12459252
12186038
34663462
7219
12068094
12108762
13953
14623
1019715
1193232
12251018
34567358
12066122
5522
64144
12457112
29230585
69331
12112270
12302029
11109
190936
34439778
893253
12063092
6200
31015715
21397
15513
159857
60351
1108049
12289196
12091076
12151013
29324
17350
72733
15200968
12007122
12090068
1047028
21328
8170
3060
1177234
12877
30643383
1135086
19805
32590291
36240436
3692
13451731
6494
12002183
35331
1049179
1022029
1033024
17647
8334
2110
711016
17143
15059621
3716
13198165
12606249
38119
1081070
908182
12119654
13198802
160347
12236269
29711
12931567
7244
30796027
159890
12073833
6468
9608
1141009
2135
13859
12864
37449
27693784
34150030
12056026
28178623
3763
5207
6459
14408
21309
12594105
12977
33728
5780
32787242
33498017
10594
12250324
105618
45236
12676220
28491455
29891815
11074
783124
34206537
12146126
161862
14439
12472506
12450239
15240796
30563954
12364049
5546
12561907
34663712
7122
12382064
40281
127055
101993
792074
42549
13190
87066
7032
9648
11001
34319736
12554571
31350260
6070
13793914
61047
12451104
12627118
9106
12027415
749038
8328
1155054
12126424
34175078
34290574
149725
38066
31357997
60883
19917
29069586
1155005
32500777
5464
21306
6087
12284195
12292159
30600219
3072
12006394
1100040
12319640
894026
1058125
31336401
35940368
370191
21612
69320
72522
33315839
10266
69607
29999237
10473
28932
34257057
72526
1158066
12776603
12202139
1183079
30001349
12046307
33135621
32834108
4393
12144061
96266
69706
827615
6585
12007165
34204569
12258663
18744
33853022
218400
46197
858270
32624368
12062077
30950035
45642
14437
12079173
1047015
38873
30132402
13528422
33046825
78426
30381775
7537
12061097
13059611
33844
33435302
13445496
12256364
860929
3754
12132342
34421345
1070044
12644079
12087103
12121068
32438449
32438340
1074119
31862257
3884
85575
31051841
34204530
1146100
12213291
27865809
2124
12782871
13527275
34591345
187903
30003804
32429225
33872026
35784564
836033
42531
1022005
653710
11996025
49272
336584
33105829
10027
1132930
49308
845068
33820407
1086052
14231266
27672
29581171
123640
30381505
34096466
11776
33859663
30796396
30602379
33820169
8350
545642
34051066
31338246
12059057
15927
1199032
33908403
1132078
14036477
32291850
1047282
16069
1115041
59616
12027336
12308485
12351312
88948
1203059
13493
31561319
12120174
15917
35335
13286226
31439753
818010
826380
15484
911108
33380180
16215
33111698
1079127
13931324
27694228
1213008
12105012
30707481
30129842
12007149
58068
975323
69173
31646483
17881
28643175
30693218
34438360
31646169
33181716
32954246
35083022
33238835
3682
35865292
221425
2747
12406862
33016163
12029377
33353886
12676071
14018235
33288794
9094
12052050
1063121
2753
3744
34289222
860116
1182821
28390266
956281
33985181
33849908
35238693
35238663
32295492
34827025
1053123
1135109
313543
1137160
954399
124401
34589417
820188
12403090
12038060
12183274
29026566
12237465
35118817
13899303
5446
12479169
28175491
225692
13055428
489045
1047114
94064
12030206
1019512
12435065
34035556
12577319
315300
5836
12098062
12061025
1039720
33917184
74499
12079044
27645
18213
3765
33876611
12290449
11972030
476110
12289226
12386353
963431
1089210
12351204
954037
126604
723021
97014
35021585
34660159
12027122
13128032
33527917
41064
34645261
5670
29959
12345355
12605931
14468402
9109
12120088
34749240
1047160
30022253
12023101
34368391
28635423
33305360
189603
126151
783150
1070074
12491406
28182227
89363
964108
78468
33699197
35518977
16152
12873494
78217
34279473
33527748
1164066
757290
3695
776875
102076
27871544
45235
43322
1060082
1081794
33693587
28188175
33708
7237
40119
30707115
12647372
2528
943058
820036
1060155
89430
37724
13288861
34465595
9941
27909602
837222
12474725
12291727
7780
1146106
805419
97176
12520754
776674
70802
28304147
160387
12082165
30365882
7481
30477866
12097049
15850
32120712
851426
12532848
790044
12957090
7266
14354
12054
12279360
139072
1154058
69017
6464
12333145
12191014
12131566
1015092
160729
1155015
12370074
1094011
31211
84004
9167
12047913
6487
12493041
12492057
807043
1060216
12411132
34402676
782024
21954
34514965
31852306
1074065
9495
18166
7536
991182
22331
12355271
20878
1881
12065133
12665018
1154018
12561633
14099603
35037364
12195788
35883989
1116290
129588
12872477
1049930
7779
12011203
816022
32952522
37559
12841768
1089102
956357
19395
18357
41194
37065
125306
12027382
103971
4496
34673676
12437
41992
6079
209064
19632
2848
34621327
96072
90331
2945
12308092
12495253
12262634
906051
1015563
139855
942191
33856
12809019
31350147
12173376
12291690
13114066
77283
30285547
1199076
15060490
3059
32537132
78051
32648365
12061085
12171098
160075
53265
12213227
29701895
32496429
731025
12463504
12537035
12338345
12002017
14420803
30957143
15293
15284
9352
12025084
12085679
127592
33578334
30225456
1049685
12074090
99690
33138919
34497593
211460
12622588
86351
31827184
12291207
15258
30596708
33697021
255360
5532
10202
1081062
12237612
32674485
35420994
96309
296416
10205
1122135
12196100
201617
287014
12863035
34257164
33876479
12047647
2892
6509
12037212
12906625
15447
16663
201114
991064
10564
40435
35945280
32563509
34281312
12369104
331525
1190094
65954
34054576
8366
12166115
41943
36065004
27694442
12083225
908227
15011
17557
12355621
1049557
1057107
29813088
12364133
1044185
2294
159652
12046352
15803
14106
178125
12616082
368447
66020
7553
12278200
33163801
11794
12502135
4723
55531
13842
12156067
32210847
30476029
44279
34236148
40276
205718
63943
31231235
8480
12062297
3071
12077048
9112
32607361
1047238
1031020
20025
12605928
34407580
124092
46488
268447
1039527
837233
34319859
15610
9938
1050143
1058011
12260125
34855977
33985146
62882
3337
30770793
34352156
12228818
1173001
12975335
36137930
30704411
1046385
29809615
75660
11995107
1049983
1132749
12335367
12145093
761029
409723
13540362
978026
14432
42727
13610039
12798588
98414
31801950
12073571
47005
12430075
30270
103676
784231
6476
34421419
7424
973184
762199
1132062
33954709
977130
34613578
12184586
1033005
12759030
12167214
17904
28900293
1006039
70219
1049200
12052030
12523484
12092592
17496
12416104
29971150
29971151
9632
12320060
12420149
8281
32208979
12234023
32894579
16694
12334348
12171097
19309
999282
99292
8414
31657194
29597095
174009
12322300
1085047
5894
31613473
12258472
30405247
12074065
1071081
12054291
12474818
34339501
205700
17597
14074
34201375
980025
13197
2136
1102294
12969327
384353
133545
160861
159692
12627142
13808
12815
30412511
12441143
1053281
15633
27909766
166010
34402323
12463279
12463280
34538450
31001495
3085
30038291
91850
30796742
754028
126454
858142
1053145
12041119
768084
11975152
32972017
1172023
20467
12481026
711149
12266471
5365
32534711
12278745
48476
12146229
379612
13080174
791298
8365
784435
13795045
4936
3118
12641107
256583
17243
29979697
6681
171008
34277043
768097
17207
12249046
27889504
12721
17486
123310
97193
41949
13059577
9613
36206470
105658
1049937
28083351
12024488
27910644
13011210
981205
1096011
12046424
12468108
13058505
13057511
10998
647673
12277185
296961
438424
12147250
12282733
12788674
12024274
12453329
1153020
13113369
1124093
12127712
12537585
33913613
12865175
40736
31372381
1094364
17347
34918869
13681463
38165
1006113
12107624
12729673
16690
16085
7486
31540163
124774
7799
12383873
954154
1079081
18347
30220884
1132946
16505
195142
28304970
30871
13188875
840929
37294
740086
12024040
13157086
132283
45217
759192
102594
6480
12028341
12390142
13607498
20578
19481
13703846
981231
53274
14319267
13988923
27883869
1032313
12266
839756
28727
12066
59442
1054173
44266
12567543
31093895
688498
858357
858359
1011015
35518762
99234
55350
27626
885011
901025
963409
12642603
59169
12553076
85525
33900915
12969693
11363
12086037
60308
8388
13109445
817092
20657
33849363
31061349
12789956
12432046
11998064
29530298
7278
31200
12656032
29809773
28763467
28986690
1016129
12287118
92909
36848
12213024
32897995
12138038
12309166
963498
197248
716002
12276665
12198881
12074062
32251287
27694552
28692441
791331
32919211
32465525
38127
12923180
1124151
36623538
53015
12203291
12024272
1079097
1215003
32355175
29397593
14072226
30285553
3273
12388061
28691951
145038
17299
34303329
13128139
12002201
12526488
12157281
12023517
54598
12115
12633617
30842615
12184692
12322304
14277069
973004
12097107
15021
13059968
5354
28898446
5149
3772
8449
857097
12898054
1074042
21131
63261
12560633
190987
13200
12477114
1039114
35681
28868804
32695394
12108999
15102
14518
34318215
1021328
7255
2846
64176
9920
35356254
3743
33107845
34517
28631682
3442
741093
1137419
1137420
3499
787107
29843183
34978374
741005
12965194
11238
1063048
10593
12132198
31662039
7346
16248
1054167
471420
12094099
29588260
31760559
29581111
12063100
12309149
851014
30647740
744253
34958159
7298
10579
31001673
34555420
33571810
12499279
14713124
12072073
12256415
19115
18723
29070146
42983
35336
15192
9661
4837
791304
1174028
1182886
749030
30955341
1072043
66212
32241457
187229
12234018
12696997
37191
33927570
73866
326909
13528418
12199472
11986029
13022755
29840340
1178306
31093891
33900541
357995
33850873
2422
12528399
74575
900382
911131
10615
7907
86907
42958
12383009
31249448
12390232
32781442
985082
905068
12564872
15291
34134595
5531
12474662
33027852
33068447
129929
38725
18345
12251121
86862
102954
68192
213073
837191
77993
35397
34512591
2515
13439
34538232
12476269
12408238
816254
105770
21128
1046169
78019
31136991
31195907
12000097
128055
12335355
15237536
847107
31581449
28416428
16700
125909
4188
330684
896205
6085
1070057
1039639
12046836
211338
30855870
203413
12068088
839913
12348095
31284
40858
1038231
938058
1006030
87672
4490
9403
1040196
29392509
1050241
104728
40426
32264375
32669
9274
5025
34436692
12156096
1177098
102714
32974232
3752
1194026
952052
826017
12128532
725356
54669
1043044
2119
30002424
34198291
1076011
12597642
12073565
187562
12007356
1130009
12191215
36224024
270063
900173
3441
34369022
8226
3090
66147
5103
12494084
12002252
30926213
1097163
30129527
7286
1137239
28684353
3058
12206177
12146285
12283512
12147178
34273090
31214681
3068
28883
32042995
5311
8614
960005
1177180
364737
12915052
12107487
31260
14574833
1181165
45108
236952
12047295
126302
20293
1097044
1049129
203245
12132319
13796286
473353
12104051
5427
92309
13284241
275494
1192260
12028291
13145283
57949
130300
12275908
74966
13109184
14117933
13863089
1019251
32506024
27864242
27863745
1039124
12237601
1124304
1124305
1124307
5356
29023458
45839
1189010
735018
34531388
34487350
11097
34374571
62662
845121
34209078
6179
38753
33181894
818216
12185299
34563971
12037263
12473433
12597157
29589167
31004642
138075
8474
4968
3464
10097
8356
12097106
6107
12043047
12053164
1098006
14017279
35657018
27868624
1015123
15805
13112541
12138345
1079076
12054389
29895910
12172277
12544338
896706
31489252
12538760
9353
12093622
12332018
1039375
67566
34204446
9677
12464053
90374
12350081
12205120
13462045
12444171
4119
1155029
8930
29283
905037
17355
12258420
1156407
16523
67912
34564676
32505484
189014
234478
12287986
12001195
342311
12544825
53132
15195205
11974049
29834706
64250
1050518
11991089
12047010
1046258
88148
30397325
12122217
908132
33265942
978095
805090
32920981
1054050
13112713
1135024
13683940
29824789
369538
31330014
33175384
16743
70821
29985
18480
34313829
804255
31727575
1039314
27869761
28774
860113
32662886
36341115
195302
93774
32542405
93494
427708
7548
4873
1178207
126339
15289
34354229
34260411
20728
43688
28633161
6501
12904290
12923493
1047332
1198123
33907588
33447292
34279910
12006313
35621178
32591137
13198176
12073436
12903086
12174057
28072581
12051042
12382970
725010
62646
12313063
12311130
85521
34228174
2146
1198030
27869842
72373
777647
32574663
12147234
2315
3221
12712
36293119
816248
2199
37962
1086079
31358
34537273
1047348
31985922
34492879
12560506
1038040
28415531
1184013
29994561
40447
21045
125623
17120
10441
61082
72726
12503194
13226796
290025
32097509
34747352
13528437
12303121
12074791
96282
1087239
12263379
127403
12074408
11999109
45221
1081435
30547843
12289166
12158146
1050626
22279
908095
12967035
12059094
12185379
12213160
32663
36458744
12302332
1124288
14072301
12289177
13042297
32119469
12444
12228845
27726953
34229587
12175271
12647253
1041026
12400153
5342
6495
12206935
12606362
35517812
32785024
12286700
12159
1073034
32780284
129891
31802946
11973098
1039534
1038292
124403
13611855
464606
6498
14758815
13009414
12084388
651389
48073
14991
29596568
12261223
3322
564662
896028
34664142
205617
2518
858132
13825010
34512471
7086
29627842
1087105
816009
102035
34522397
28300421
14312423
101736
283909
12602151
11987034
1116247
12334410
9606
32958330
28423575
1043323
189873
391461
32931013
31367361
12316095
1038074
12312092
34563259
12200652
12065015
12851112
12094558
12092433
1185047
12287129
1054159
34347390
36398706
33907890
64917
161198
38857
12132242
1161187
12281
141594
13099
66039
12228582
2607
658123
8725
1032426
13056456
772147
32151227
31665202
32297520
12263527
1132341
15558
12086115
34205840
74518
3249
32438255
34550646
29894932
12050057
16737
43801
32895670
189010
15251
12490416
1081164
29345
147116
34179493
31346802
1192273
35158557
12322199
9607
1137126
28069346
48433
1044218
34402637
981185
12262957
1055007
12029046
30616590
30129806
12037181
9424
31003444
12046834
333428
13262127
36520186
34134
68968
13227500
61197
10396
35515116
32050343
19446
45336
27871957
9626
220934
99094
6156
31464106
43987
91079
59153
713102
32125
12121274
12049189
12897667
12442396
229172
34617263
12434106
45493
804398
8157
12007148
12059075
7807
12084497
12119152
12127910
787166
6040
12603658
35416543
123782
12362408
13451503
36591230
844728
34613799
28390245
30002995
22412
1132063
734088
3694
12293736
31252
3124
12061075
12120548
12174532
893652
9657
12092291
1015114
864087
12262973
1046349
33284078
31152376
28156
35828457
34276649
893624
33126799
31876221
8214
19604
10617
33866274
28457718
12085447
11998011
12054347
32780549
33534862
1195065
12629355
1046473
13860204
750038
12477288
29769825
13112043
36622142
13363
41034
12439
13450967
30476136
29032262
8341
35330
14907692
12676182
12235146
1195036
99734
1132950
2139
13588
12122236
29235210
12277201
29562418
34419454
8917
20545
13191
1086036
21489
30548650
12213098
34470576
7234
17602
12271808
4410
31211364
12073280
32744728
124567
13148288
32891684
13528284
1046001
34420232
10049
12023212
34759573
33798
3063
384473
87231
21967
34344299
33266801
33343482
7262
839683
13059554
449215
13892
1053118
12048141
12174488
12183130
12308136
12706517
34369027
1050528
12923042
31381918
213034
837093
207285
21503
124730
3741
12176291
12176292
3250
10580
10782
2117
9624
6608
226341
3956
975673
3793
11742
12086161
161867
29864102
34489441
35877811
3157
33580901
1135128
34662589
15855
12095302
35375127
999079
369219
1039873
981005
6670
188829
85286
981141
12905864
13708047
328443
31540307
32954608
12288478
56782
45845
27687018
12108614
1192549
161937
12229076
30444525
11996015
13445026
7647
31979800
72609
36240718
191334
29965
784192
8402
6097
12096064
1025140
201988
12110082
12409134
50969
32688
1046469
31341548
123228
34514729
34744812
868129
75103
17016
33418104
31873694
30955129
3421
4923
10307
33800382
12136070
977177
3100
5773
893267
8550
711692
74547
35332
224367
34534676
59133
1115214
783418
86101
12062032
14588567
14588611
1124282
83150
12053480
13406913
12408098
12119324
60079
31060333
34246916
31014536
28187668
33184
12312119
30708316
34522228
12311584
1155025
9617
12086044
1132127
160873
34515263
14019945
12411
12605624
45319
186010
9939
12964601
12291317
12170067
12339036
12274422
817039
15800
827163
7662
1130008
12488150
12198795
985366
10586
102025
35304392
1161043
45835
1015497
12191304
9971
7995
12136063
27889470
14220
911155
127952
46487
1074092
1091008
1159101
17858
829004
999479
11983011
12248083
34145549
34149351
32952806
21541
33698765
12727127
1197136
12084396
11998070
13368652
53243
42939
63164
40425
12029112
12262078
37147
35005076
29304235
29303235
12039173
12288442
31917276
12965215
13796823
12200029
31825474
8259
42898
1150079
66404
12119618
12459163
1050119
7892
2768
9236
844713
6108
14572
8163
31285089
1137391
4690
12464201
35716952
30643278
34227389
847225
12533901
1122080
30714855
1047197
31162519
17966
16605
1181020
12027465
816461
30233584
30117214
1050671
14593
34421545
12069098
12335279
12264296
21981
30013
205438
34289906
57941
488571
14505
29998704
5285
32888816
31095593
87873
21536
12249119
14297663
45354
13611379
1085102
63875
13158019
1181848
31198
12215049
12062200
12203231
33821053
3848
28820
1050256
38751
64188
12263903
1132286
12047264
7890
12107608
2276
203623
29187830
9282
12053487
35481
18918
14965
34407579
33851139
12002137
32549226
827300
30243809
12279328
13904126
97892
1132738
12536599
11976142
27621
35160695
906122
32514
841312
1205015
9765
991119
33574133
15059542
60924
70824
956386
13989763
36507320
33553024
31067318
6512
34532872
14738
12259686
34146147
50889
893005
1081940
1192069
1077053
239103
31153324
35511
12440253
4940
93292
1050299
13286536
15396
12108986
12549
124542
32079137
981054
30647458
7767
17123
22117
38145
3098
189994
12338369
3378
1064147
756069
4130
4479
125721
33045547
33417140
33093109
56783
78315
12046069
2987
13462052
28647537
897179
12463482
33745198
127485
1050771
100005
12147185
36858
12769031
12183037
13183020
12063096
32487405
12288201
78727
12316515
12096060
15022053
14470054
29730940
12278516
12023492
34335898
1212018
150774
804422
527682
30116690
29026548
36707513
12474826
465662
1178257
43743
1177069
911170
16625
19794
7709
1016164
38956
740032
66395
1193140
1145052
52924
34940
1063229
1088118
63446
13056064
2830
31932011
30378023
13049055
77704
1137146
1137499
12117068
5206
11975065
34368444
401383
50899
13000013
53236
29741719
30478013
36290203
160973
33480940
31087528
1043131
196219
38013
12329816
12538488
12139043
157678
1182277
93226
32550926
31224844
12815301
6428
12226717
1181504
12207014
12079186
97094
15979
188274
14469397
31441631
74624
141813
12900365
41926
12004038
12263036
12451073
13447607
30700
35178913
36567047
757262
276501
13656210
12504253
31273
15639
310828
12832766
30782
8295
12676639
4621
12176148
1072042
102919
13111159
12202371
30002868
34821019
33324139
12350895
199872
1183087
790024
12039039
12976714
12247032
954523
2209
70837
12302333
7993
33232711
17154
78193
31058025
32537185
12274327
12441148
31448747
12154357
188141
1049168
39909
94466
12226398
12200907
12568026
1044203
327248
12742289
1050602
95748
7461
1042003
18193
12237616
780043
29238232
4055
991003
30611063
827791
14055085
12475103
12120169
35264840
16911
94972
64151
30596302
12068017
95914
12121101
12150035
12149036
8512
69005
21709
12184312
28752787
14608268
80746
29083369
12491709
33614178
124592
53283
12535548
15325
12080227
13192314
12995337
12996503
7680
28260876
32187955
1098123
962071
34965392
12195913
12038272
32533250
1097002
32574893
40441
11760
31662961
12496446
33744334
32887094
30546349
12647577
12394570
29398954
1060200
12631166
12897050
12789348
14618
851304
28897333
21508
1177068
15599
29026491
1160087
14020746
69028
36259843
19304
12250118
2171
19621
28186496
12488022
536718
12896142
61268
31620219
10606
1132410
12119106
44397
12287611
13159024
7120
1213026
18879
813027
8753
5360
197017
12623455
1161201
905065
12213103
33817065
9727
29960
590585
12080267
12057021
31569994
12061045
12616056
12992
12782683
12634325
11360
12042033
12157078
98081
33037629
1102001
14247336
53302
12274254
13057513
13056466
12203125
13113858
17008
7291
12094035
11393
34368318
33176320
50900
2739
29792
860244
5568
16416
27883884
187061
12026043
16812
777201
31150432
13149356
938031
1032247
687035
60939
12365093
4903
35375
77700
1106060
8851
12263200
1049096
983010
1087403
12049240
1043304
12711
5791
12886070
290036
858362
74873
893498
784500
465298
34450434
14245815
31639154
12506315
35518958
1026094
13579058
62916
32836
19574
12319437
30002441
957087
301757
12227235
12006290
12631485
33900743
908121
1050743
32666009
14100
32034557
46131
12023103
44277
40423
10245
13446001
28185310
161984
1132016
12273415
1147021
31445016
1050128
77899
33919
12050019
35082746
12202114
89090
12084608
6701
523392
6537
14325
12264193
6075
41002
33950188
33998291
12046870
912065
869026
189577
1053147
839948
1049740
181011
12851286
12084810
160154
190861
190527
201393
12323194
190523
12323298
976003
31016298
105493
12040097
1081875
1193482
12871356
12046750
7664
757276
14978
12107900
1045054
35082957
12797496
20045
95267
125118
12001209
63706
12450235
33871442
12396034
1085116
30480720
12929795
916001
1050226
12047724
12176301
188037
46300
12249087
12248031
13419
34435
12080192
37518
32938431
29811710
30035271
12899765
31049474
989023
12901029
1081961
1083114
43619
29975
12271965
12046719
32603131
31621482
1086002
1012032
12461889
12200168
369291
12369261
12258611
1188100
12932368
34466666
12031294
12061227
11995148
31313408
34077844
35899140
1049525
12178030
250271
34208232
777622
98541
161104
358265
11952
12079166
938013
303635
19901
34577391
1158147
14438521
12074312
15848
3256
32913484
31681224
15993
12263096
12080156
32093901
14935781
35423014
5087
12074591
18810
12192311
1179079
28391292
1160158
188558
12324449
1038053
826205
845098
32955076
975252
32843930
12628381
16277
66172
34303931
62843
34317970
12228820
125462
11504
7363
12108797
19157
225380
12975486
50887
3781
8407
12036116
12228672
15437
12077115
32766432
74939
68248
8370
15047
12095275
39854
156791
1115185
28700236
88170
31660968
105431
30704025
36711
33136121
70820
12039254
36843377
27604
12043054
1193202
827534
103121
1049276
34231062
1185054
3717
13807098
12225075
28862918
1085119
4093
16692
50061
17103
29677086
156689
871005
29690594
29691553
33857
12234019
69138
63996
1160094
271741
27693474
29810278
1049025
2775
16756
839689
34257174
42047
12144040
7273
14482
1217015
12395950
12193395
9489
12236114
961310
952093
229341
1057017
90443
9132
33298919
33804910
35514584
33735716
34596315
35419869
956206
32135934
29591480
12432835
40438
12173177
7894
29738620
9750
29403986
185822
15064139
209773
16823
12475614
34418341
166033
15359112
27776522
1050511
12024062
12158256
1071076
13196596
957104
2905
12002088
13288117
13911530
11365
513122
12167207
14098691
13080349
12246015
80901
13162283
187282
28260975
658257
1080016
12200490
16406
103705
35187624
12028182
12146177
1149091
7216
1116224
14118614
12126386
12409267
9610
30004941
12047332
66393
957090
1046467
50403
20964
13790396
35234619
12390184
13609404
